Webots Project File version R2023b
perspectives: 000000ff00000000fd0000000300000000000001ca0000039ffc0200000001fb00000012005300630065006e0065005400720065006501000000000000039f000000000000000000000001000002b80000055bfc0200000001fb0000001400540065007800740045006400690074006f0072010000001e0000055b0000004600ffffff0000000300000a000000003efc0100000002fb0000001a0043006f006e0073006f006c00650041006c006c0041006c006c010000000000000a000000006900fffffffb0000000e0043006f006e0073006f006c006501000001d0000005b00000000000000000000007460000055b00000004000000040000000100000008fc00000000
simulationViewPerspectives: 000000ff0000000100000002000001a3000005bc0100000002010000000101
sceneTreePerspectives: 000000ff00000001000000030000002600000345000000fc0100000002010000000201
maximizedDockId: -1
centralWidgetVisible: 1
orthographicViewHeight: 1
textFiles: -1
consoles: Console:All:All
renderingDevicePerspectives: NAO:CameraBottom;1;0.297917;0;0
renderingDevicePerspectives: NAO:CameraTop;1;0.298438;0;0.176263
